ԻՋԵՎԱՆ ռեստորաններ
1)	40.93112339278322, 45.15530965505766
2)	40.92055785368932, 45.08404341468911
3)	40.920039009615685, 45.07889357384262
4)	40.91861216741286, 45.07683363750404
5)	40.91692585964549, 45.11408415296012
6)	40.91381256305671, 45.11116590981379
7)	40.91433145600325, 45.10361280990564
8)	40.90341373038439, 45.12676088479301
9)	40.90236673666974, 45.12987767757407
10)	40.893119132120255, 45.14855742167903
11)	40.89263029436582, 45.147725993402396
12)	40.891163759431464, 45.1541002768566
13)	40.88809091416322, 45.16084408398932
14)	40.887252840687246, 45.14689456512576
15)	40.88585602797372, 45.141628852707065
16)	40.8836909087184, 45.142090757404674
17)	40.88404012608566, 45.146063136948605
18)	40.87957000462553, 45.1439383757972
19)	40.87991924373635, 45.14458504223458
20)	40.87544884388527, 45.14438179695445
21)	40.87391207423756, 45.156760840184354
22)	40.863852337462546, 45.158331315817996
23)	40.856725765930754, 45.12063990061051
24)	40.9827247779406, 45.186380043499845
25)	40.98185005021483, 45.18698085826526
